100009935037969123949
100014089025585036508
100018401104702560576
100028059974517358852
100031778188071684116
100032004211314665950
100034904001405910151
100037081685001891754
100040254809335616393
100046908909069133901
100051053514990833828
100062829728485542066
100068542594897543179
100071519595656104738
100073389054743310285
100076907688285430995
100084981853346355036
100092080641786207904
100106316767985170194
100110828913395034920
100111151208069394148
100114492163529740638
100117015255001375631
100118218019413067719
100125384848394612401
100128746434876770302
100142659104112590044
100157031362421742485
100163931967600018552
100184699261006308418
100186796824199007718
100210630742012201290
100243374752597327446
100248581567641446721
100257728543574958297
100264382587841799303
100267670511433914046
100285461457998768090
100287213805387085584
100317090181002773870
100320524699931382930
100320855090397468802
100323688288488245996
100348180632651679048
100350115404432310221
100354627019680700837
100372092125386967815
100376206665268732255
100388870218253845989
100412067215188724681
100412229677218167464
100426494611035888373
100443435245520805356
100445284595454655863
100445823369703047747
100448656010460539738
100456287815089687333
100457305515062954400
100461049167750486741
100467546437459060545
100483596062124482720
100499707306826250884
100514927427354599338
100530401754350117293
100534547845580409681
100542079198986859957
100549478913544978756
100560844679001087792
100563339298975434852
100566513719416557799
100568560937041438018
100577726569168043293
100586061830123327689
100590564642274311567
100602744310712235318
100605868357402077006
100623355974703760339
100630437222652955177
100649291738003326935
100651621769656849775
100661080599682578219
100666623464839935442
100701282363374853042
100712490173325941699
100719588915139786130
100725536636334396824
100731029057538322255
100761330472260525266
100762428851031882428
100766995048913907598
100790847269428270739
100795605685701887113
100797274786476208179
100797727899452785350
100802127995992966306
100806875830870242897
100836094312288977845
100867589997920426270
100868598142065759105
100895202194610581027
100899678146871602087
100911097269286541763
100913977265713315929
100914827394385984011
100920694639506231060
100922676768624541144
100928616494475078270
100939440599718678377
100942269887640583294
100942704957880821389
100946136200524752736
100948891249021511115
100961319964441131936
100966426124316328183
100973026665644710504
100974258168375166691
100980225932151934494
101008028900010561077
101010880213993219787
101028725761779530965
101028981063422977721
101034638045579600764
101035843336474002327
101040164561379648671
101052845941647002594
101062301628654276404
101064936636892541421
101068932714356627748
101084269150525834699
101091620015026625840
101096156237188936183
101097368370930362781
101117096508263736202
101128354466986042469
101134785682840131702
101137302481007277736
101144351186573831222
101145980349117737014
101164117546904775263
101164118037822098346
101166221593013645125
101173199696396400221
101191168749257463084
101193877016502281867
101215340352406214735
101216100848926136088
101217179898534811504
101220568816488895267
101229453790343275991
101246841835295289276
101251792649074760179
101256694263444201169
101273486888721837700
101275649166160830618
101283485307308072706
101284581620322090095
101284712838826492807
101288168076346733712
101294781617027864403
101298838983050696501
101319446708743097095
101320049557701251066
101328984122475457797
101330374963885645936
101344389957277186141
101364087630420434363
101366505162719038291
101374204349191797400
101379184857906168030
101382467600750157317
101385808468284962974
101394186998597666653
101407544238955802930
101428003043608314532
101428474732193215285
101429723932463418357
101430797457262833808
101450057139970354529
101454451894623160257
101465854435804471513
101471144012527940985
101489349640645211563
101504639289045067862
101510095138858266232
101528702477534783707
101529982402722005507
101530389137347226465
101531427441912818513
101538978729699226869
101542179941687769901
101554961642914370776
101563144385962739934
101563817358860775319
101569800757890091469
101578815215940912735
101579273260610129223
101587641004193380169
101591469141796057432
101594433017517583323
101601590169057169498
101614387401411830917
101616235081657171229
101626806764955859599
101653807195993914535
101654308407408473386
101658857333621433910
101693340255839580620
101696751375908108014
101697775213251991950
101703214154916415319
101714185272321561624
101718399330024247014
101722698749559010164
101729187613996186688
101737651625356997742
101744185175426172381
101746684873963816531
101758313465860641949
101764111030846249381
101765467276696461460
101765991632210409683
101771988766844214257
101773882823701952207
101777789670068056795
101790983726592082385
101793460885945544485
101803930647548715517
101827996806964689908
101833593140712519943
101837684723208318696
101838215348734826591
101843614897697246245
101843866396792070446
101852559274654726533
101853524494793672939
101854217761095108026
101879504462400262757
101881052259702374785
101882932035388323303
101884257893133479943
101884374146411444616
101885917829100885969
101903186159349407908
101911232549828749683
101917530934721972502
101943156043095791972
101953492883459099290
101958314601395622025
101986146142834343781
101988752815325701512
101989223480875749006
102003042694959610912
102006414469801677119
102007871732625876813
102010713515440261024
102011309194425669991
102011410724704997771
102017544691170873442
102018885108289963268
102020724382830910409
102022409211305563474
102033507756516955582
102041111232254279863
102058058007937670739
102074053841376308119
102099456561211145816
102104466765170392001
102105145047638996343
102107731985288918702
102108007446408731430
102111439320189124273
102111820124999073838
102117563353507133351
102129405987731286855
102130602801365989454
102136949274095207287
102137682499580484419
102141045879368314287
102166796188017919973
102173358821052883007
102183329210821749272
102184017087072156015
102184288313960546001
102189146743602594648
102191286201532180154
102197897998388245259
102215993099301799249
102220962302881882797
102226223671917607258
102232569039849294660
102233775639617221494
102244529289137616373
102250474301779500101
102251324426411203817
102271955095561691933
102279909951116645974
102281562802073641434
102285334597149995523
102297398259053261127
102299600034023229066
102304771997240985617
102304838646225546767
102309817170042371740
102312374292015275509
102313968442818035571
102315511061408357658
102346959900402652813
102356244095845427148
102371625384445749515
102377515000944518405
102391972236192617892
102398390714094350006
102413658181036872299
102420942434588683957
102424370285803208320
102432359946956337440
102435110837239171953
102437324775379185836
102443053092446592587
102450076825987937479
102450184604112624120
102455112988777306652
102457275249952560316
102458590985698201264
102473295448184686600
102514173064794438217
102516992077528675070
102521857364116651751
102529259476251040593
102532604819049871481
102539729973658187294
102545934182087714567
102547747816776433334
102556386065145814072
102571653633511132001
102572320061138442096
102594748772795737119
102597507971807188253
102604061356889732753
102604365696487142701
102626087298286382079
102640541013734973112
102643014116818665099
102644152498390253469
102645204215549659944
102650725037936212543
102651987569533431349
102656521935770945925
102671031395087435078
102674870916043019263
102675804111758617775
102678655047572668737
102679852517549480798
102684929811748180745
102686221375640624745
102686941411044169883
102714189198500786819
102720846469448611821
102723662078104372712
102723851698419597355
102736627829608562440
102739737325322148033
102743451883963686348
102765054649854401669
102773010018327953993
102777905829982234228
102782576668580180646
102784270951756832984
102800997380205047574
102812581618141224014
102816373742015113138
102834310502237246077
102841918404895615108
102862622964174084771
102871442880411429888
102881982800011232028
102885565582423543684
102890771302280735000
102899419035614721287
102903803552170663121
102904369529388676354
102925407226235653739
102926021511725784340
102941424925505909054
102960906328792862015
102968677598598569762
102978901282536478659
102984613311554020210
102984771956941516961
102987366027071154708
102990775530658890764
102992655665168081657
102996533407559578377
103021400346754162287
103024341361725119526
103036309020321006633
103038118306490917172
103043049513486834862
103073673739045036391
103077159857144959417
103084759339891975669
103085186215156030959
103111084832791331493
103112209132624631912
103119820872629534366
103132356121299739129
103140177038305340613
103161744866901494482
103182392993549346837
103188975496220773995
103194121514549602892
103200760827460238230
103212810895721604316
103214851918562809517
103229772033345190722
103240755092486473128
103248742678384713138
103266227781274777511
103270635992711472531
103279692520589036539
103297824755398750316
103300154093342890431
103304752924569190193
103317795223336744415
103319910578373537049
103322768440212457261
103323925314740107026
103325155754986486145
103336171932003336459
103341973544996846820
103350848301234480355
103355865345512144359
103356778010933571300
103357729359203674673
103358853341090839072
103369246462297971884
103370826707605247616
103383970936150477118
103391691884688583188
103398589393707745546
103401002676277600801
103402564680276034844
103410992963919123763
103415399811579263314
103419348909368187881
103428182385077787621
103435446677848757188
103447178897643703203
103464165636752813789
103496396717700943702
103509412019167289628
103515015527033903287
103517353925844611277
103557013621965362954
103558629193926869464
103576898495371654679
103582313557957186754
103584437382795832157
103603839282655602278
103605666965105265823
103617256781067404742
103620309523985655431
103637054854688167926
103651973416985787790
103652315075136964327
103654157713853683624
103662206398041512274
103679811062144344648
103681516400639847818
103682932187602426404
103689610223804042747
103697454790816071045
103697829425372346457
103698698073071970483
103708780128045184382
103714791143653636166
103717049218443717752
103762093523443127694
103764170046338740662
103777212859839421242
103787276993475705061
103789621469649558853
103798073920981193387
103836284502503705008
103845612639152353851
103847704402640787099
103850205879393866467
103852054915902730618
103859156425052092153
103878173978554811113
103878515854423822283
103891319454827285313
103898577775374441490
103915066107512387369
103919448590553717055
103919862659555885615
103938231178602289324
103969635955759219600
103973426534753792407
104007760254833939450
104007837611517399489
104017651978779031749
104026101844466459036
104032171071865891743
104040812628931753776
104044612789186793587
104047378932487815862
104056962665719364399
104063919912883152705
104066382350565036684
104078011424342027675
104085071514049847224
104093849076757458012
104095212999325601474
104096667697363365753
104100860066502236943
104112428404217712291
104120668610434688379
104122274881063673564
104126652380045171868
104153679158585478484
104163251436453333323
104166478348528899432
104167011603846775571
104175078943296395181
104191615581285814607
104202987715427561642
104208122519393504264
104210957835003954165
104211260203688713810
104211806086249040355
104212513404889397240
104216830695792024334
104224589636780983842
104227222795112906760
104231710362221675395
104247826720505198286
104251599632015953995
104255037359306394774
104266471681083032610
104266749949881652187
104270103120360363219
104276854003116435974
104277263335638955357
104278959998096658234
104283282250658694707
104295216563494866570
104304430468203372308
104314496180168427984
104343950208449497599
104352325592296425199
104355296307327887778
104356779986105913311
104356957682366570813
104359568476968412848
104375568582201258171
104376626976827590822
104412855241500780162
104421186517844952549
104427610502082972791
104432893008171465009
104433013226332424946
104438796298161451077
104442906939786780177
104449937516055779368
104450377177201570263
104452812742252399245
104454179577728845932
104457182243197908311
104457390309498734613
104457633337707490795
104466367393245909954
104470220245558507599
104478397912918417795
104480948185892162716
104491299403665131852
104492411950876523555
104494889161422463437
104495607440521845593
104508451259223728280
104509521928341096149
104521670958139463336
104522747600194846860
104529496791803750773
104533452772309119135
104540608485737997592
104554195947767232444
104556743094059109083
104565174802445960749
104595698623653863070
104596391394020675744
104604173581420657530
104608091320857195686
104613133277041936455
104617828663695755346
104620279834469681280
104638649986830727232
104638780177415558278
104644343879640425613
104657173572238701502
104672634074280584774
104672763596780692321
104698304045111280380
104701106646162123672
104715135065632131563
104715564590892841143
104718441011165435648
104719292562699182643
104727440221936209640
104731719216869691688
104737460863496513735
104749920477827802928
104753876395905947253
104757188887401382214
104757595521896165437
104760950939866700163
104763683220859126575
104772823788307007758
104784112471435434682
104791466221099048084
104791524720974049477
104794915167914988036
104801350648725368576
104809208875571750589
104819973875347363038
104826837781501197166
104838263872411042551
104845792752022553884
104855898304095257498
104860407717727781605
104876118184351381539
104896685927543191384
104915978015943729261
104929641966004726281
104934249233874573334
104935221537737531345
104958340845843846871
104961235776601200914
104967684738471780251
104974932662611259082
104975763505137192213
104986660764132821644
104988439978477481910
104989748671037234219
104995089749643407284
105000532352301102359
105006348747497035580
105011505455091689025
105015983448490966796
105017161708003505810
105026272154536495017
105040839450986509660
105042731994381211167
105049441598108672526
105050428127205328762
105068740265960455549
105076725141939280120
105076976217887170011
105084949568588884916
105098240511299754354
105105832240023346463
105113193970399362806
105118343132368132643
105121966064996048622
105151475259594183953
105178921507601206855
105180967933814641383
105183143494611130163
105185761668343417925
105190546664037702865
105190804377821346856
105197639425234759096
105209207615355098310
105209878230227756991
105224972836323276374
105225758574529720824
105233111067575972733
105233145879749125787
105236629888794620863
105240383587707988569
105253839888261019240
105256288054076092458
105257956045587328052
105263946740898150947
105282767577687863857
105287039661246641757
105299704976604564899
105299774708640351215
105300510566081845726
105314195332793411851
105323987307060221068
105326101322173456989
105327156776276243840
105333705316784272784
105340101697573179732
105362804678348106716
105380579274231827355
105385883261359777958
105388849949310174484
105401160187811338661
105407671411399180347
105411686103113668044
105421045016592165972
105421360534824524100
105422489242331223670
105429619295794482431
105432736302697639310
105434292923421989140
105436467310154432497
105448534589977501031
105464661538147627018
105472061782597578105
105474177058004951483
105476384932285920359
105483139175609181728
105501725828436990847
105523484909327523388
105534036753897172560
105538322415439511999
105551989431666449555
105556156212520020796
105563492325419347861
105569213823703879080
105572732349523644050
105574469619255088613
105579432993870913229
105579662787516514073
105581361172388479580
105614798184473505221
105616382863736093574
105617633524680810879
105621942233142674800
105623046783795999487
105624910291714606314
105628305597873001570
105632405068636829897
105634222739635044148
105647834110495848707
105649651317909354030
105667665449093323765
105669894416149486486
105670784533675843437
105671936207351126369
105672750724427181003
105674295173584779340
105677271889777734375
105678104646800268468
105691730874366551035
105694488277149607068
105697690795855526291
105698855845439333711
105703026518990963194
105706886415955135912
105707598554719226465
105721857733704566467
105733538884660928904
105742065163880972361
105744005618341077123
105744155167673235769
105744397062236793390
105749902197919502840
105755165835234634015
105770442770687829722
105776012065156149482
105776869611709595702
105785569550007804413
105788382310993574041
105799191326222991706
105804945108315166160
105807417284959555090
105808711526078386783
105810450997937652970
105812334101023793055
105816748654974807150
105821098920945818945
105852438138720509331
105855363917068115858
105864198127797002824
105872411047698801576
105891654869131343707
105898114936182670605
105901790805542749204
105921987426989871549
105930397078815746256
105935570839052486074
105936045610470990492
105952751574765824659
105952844089293290986
105954783241769951502
105956747281909080618
105963694935994896511
105968489137221923296
105982040378375911883
105983952367884084184
105985097082137088253
105998705923195936787
106008239361544102808
106010266765152757484
106012542916468719745
106012831736177571158
106013895908288099238
106019608617821758714
106026985286323611887
106045887774322584350
106053282400980076938
106057546049845971101
106061191517663708783
106069182239823533732
106069305553251743280
106070643057781654334
106085406752017609518
106095838404886438336
106111770209366563469
106113100962482155883
106114797114158603445
106115112039021250352
106135485483824970974
106136345704833297076
106142937270971745238
106143007013102296289
106143842301604799377
106159869953683054596
106160576320032529604
106164083871303952960
106181539896758164397
106196103147256120581
106197748395181910356
106209201433823437258
106225105193889472920
106232390575206608079
106249137915893454118
106250484005495914433
106260404007901724782
106273652444238743163
106285381167698547078
106286580730614361231
106303202660048386175
106308229671181064881
106310322428086724577
106322666038835364806
106322798397736404208
106329194742748435807
106330613749557814944
106347464041934703825
106349231302973696549
106349585418310646370
106360640544297120797
106364040747940653257
106375600707486286503
106378369294492458187
106385828016254747648
106405146224052097870
106416412213324642954
106416594206743737486
106427012028074121049
106432744658831846245
106438800955445321528
106442937366482381255
106458353367598582167
106465497689394505400
106468252793250913742
106470988931877606658
106474469525607129014
106477126270003227663
106478255569707407518
106482561392459070318
106485408985039957084
106485961116074582988
106487823568281952864
106489904193440494813
106514673114183511801
106517843077869943968
106520592721774933144
106536991896541523629
106539545701019353929
106571373539819761163
106575689604177631038
106575831465734128790
106576871110817981375
106586946721314162985
106589270136438557900
106603156529760508714
106623608682938315800
106623998507298408050
106633473577804103054
106642038650017472553
106647825692497247681
106648363529173758631
106665900471026789698
106665989252940223764
106666318431190429227
106704368739672674589
106710773875968914566
106715470765683101926
106718618055680636061
106723140901781024291
106724044988184328138
106735303841096912326
106737963905268846645
106743672825439254144
106763087909040631288
106770586688309351885
106776967321860936337
106782033684426617065
106785080223338733610
106791484050120156669
106792978723174354601
106793039599005035142
106793744398216319409
106793882218878051185
106794575057120621613
106803400261986889315
106805323167049903027
106806803577101117032
106807294594034758878
106811242278877315609
106816304291684545122
106817862880240517269
106834938355071647350
106835484825355726620
106848882620892010984
106850155062089176547
106870320131315581804
106872672348894417767
106875218396727284091
106876106366109230271
106878154730897511394
106879079191526020783
106890529245834309558
106894465061983107299
106930366003354669005
106932210853428700400
106935322563279019490
106937008036246589197
106944308029580273805
106952146587642733461
106960217222246606554
106964350865653652427
106964414328460874031
106966739544024632563
106971605096895043668
106983897620619595760
106984920634045195121
106988677178988327995
106997970966623321740
107009370228326911655
107013546747686430467
107016252486503970368
107016554216631103599
107016810192523109999
107023681678638947498
107035398363290755349
107035890471312936066
107041746924171051012
107075024474631182115
107075334408616121517
107081621279704726952
107088127822194496137
107090942215739644044
107094216288885013995
107094234435671767966
107096234397656787882
107104951818104361047
107129493309299316427
107130822909619989188
107142125657503088718
107144429258190291686
107152697367157245604
107172449593616286636
107172599913006175721
107190509866067066291
107192229295349712609
107195035694136460577
107204209279242198716
107210874405303091670
107221502466996086886
107227376873300278665
107229202565009443688
107236832361013505349
107253622037122330054
107271762574668643089
107296660002634487593
107316299052351347341
107319035527400757812
107323726887023845557
107342356383062258720
107346421260868730706
107346616835468380990
107366304887719926007
107391486827140305920
107395542377778569089
107399131457795311559
107405395835376427346
107406823952218923065
107428423853340484724
107435096266583466048
107453172929842521736
107459747792216143641
107469411178729843624
107476087278299592349
107491105034170702366
107500993216174224852
107502356466967553579
107520203201156706036
107527556370124717477
107531561055959395075
107543690554752918733
107545815203910636173
107571093804247963809
107578294010024079100
107578634732501293556
107589021636225592781
107590093667978669374
107592436940539687076
107601890916986143953
107609976861572889125
107628150666282162966
107629475803636793468
107639360934173858035
107647458081336323542
107651848433577588215
107668554809583177744
107668688588016512133
107673083053875357463
107708303178490701373
107723108893947900475
107731711111124128636
107736310133205230556
107752724448049175452
107756836156095905911
107761609559310874953
107764019277087130855
107766188234374311319
107771009857656328038
107781066388660245104
107798589161160870486
107806129628726170755
107818019820680547756
107820585872471618533
107822889507059940462
107825898782748543655
107826899746018913543
107828148503189822368
107837801626283223464
107844223474625676510
107848801135323161996
107857167428307336735
107865346139224222373
107897500154754898435
107901350861442221457
107909681502995825346
107915829744225195895
107937724911419755041
107939140557904503934
107940583215527683324
107946698968122634689
107949257485989490797
107950302921644814057
107958497467818974763
107964538945905230382
107965424078782976547
107973262248091898000
107976955687776080910
107989045782218636980
108003866390824109930
108006529096561164434
108015252560737363993
108026261067713702395
108026705973519512618
108034323673687013430
108044118843354519055
108044390803017128676
108046897792531075634
108049943754944651383
108059363375872918083
108070734301813056227
108071002459138022150
108071382611540979064
108074313322552702533
108086961999072190056
108124430971740527378
108130665060256204440
108132820135226235650
108132847219665988636
108135037100946836685
108136000113297165641
108149753887683023554
108161928669055573248
108178207650853308679
108202004927627180798
108210288375340023376
108215644829092784557
108221582938852879640
108227009858699164558
108230031415451932111
108233846713384061752
108234964132473464139
108236139080387886881
108259507501026244374
108265928036068242736
108273464478035872472
108277375159543367130
108281601829210077367
108286461637872687078
108288962450600327948
108290323680196292967
108298086509687304091
108305724596270427032
108307412281513545095
108308407526152091347
108312066471612621776
108330346617305953983
108333246274785606098
108339150597005454575
108363929177811411637
108376584765871834070
108382766074605836566
108383427725178004536
108389949997670843606
108403573756686632661
108404643640242716315
108424831058264095453
108441422388038538209
108445499065768020228
108450360788235378799
108451399998614449602
108470218075703828655
108470251300774596044
108477352293051179369
108490275738641215794
108531255239680225213
108564774959534277266
108574871685642207543
108578624204193646395
108584457594259098660
108590506112620642346
108591602101292001133
108595543708591779620
108610758768594662260
108623298310802387048
108635281921032890931
108637537414728485529
108642022714450743419
108645535497377543677
108650104429565899465
108650517235530320975
108653951727022850069
108655747321826368158
108657606643702460161
108662393390308110162
108668345490076436721
108680993712549256133
108682345968076184375
108704450867025206738
108706801384826743319
108717776261566973406
108723596340082219264
108742340683175451958
108743661586418355392
108746570134240045314
108748325711414939576
108760864405790641581
108772892590470173877
108791609683406196777
108793294178343161722
108807702444058451057
108815153065334384040
108824519857441211054
108826103428557184923
108842927443456384259
108850524722641209112
108861730781689489216
108863296597755321750
108888226366681522374
108889082976196766852
108890371380858925909
108896783951922743125
108899476500438826754
108905150175612029089
108908239159291233519
108915603673655358651
108926263078067703244
108940377826151998362
108940510485415630051
108944223125152766602
108957628901812923067
108998703183189630074
109000541747467368834
109019483309245313339
109031352998303472155
109031854641935916503
109040536397676164151
109062652245011459589
109067548278561756344
109069554412091491080
109074570376918174288
109074986648870168369
109078551560727849737
109078600688790209764
109099149719229278145
109110664671509285576
109121036633429846406
109134449604242627666
109135928151123486635
109142371297153714189
109149234424432489303
109153994591139254195
109159297042578540451
109162147223399593709
109172813571934524948
109175289470245519275
109177219948724089363
109182560520880851179
109183200667777900517
109183320435545721799
109203097403876532014
109214140270566327801
109216417384179459430
109222419680304405328
109233450671306318426
109250240786477062744
109252590761850738354
109254424666008957349
109256780884428087718
109268205767503929300
109273428174594613252
109294224522805861826
109310269395070886696
109318197975766345170
109322609200644872490
109336819854407822349
109343477134590148570
109350552070601572633
109368528273603870132
109387213543206071439
109404009474458768092
109406735020777576626
109413595405839521671
109426911734230544214
109436178339001716365
109438530890534175546
109450204688053826764
109450231940588354572
109461572105242729871
109476448538881547955
109486189464973233084
109498415477493888215
109503622306629820083
109521656035265532033
109526407550689230556
109532192281621682119
109532775281718668285
109546154424228328493
109549791445222988541
109557954210901729624
109559536209957178447
109563230399914061971
109565163384049670312
109589579673218303260
109595693751859326780
109609761787335717526
109610339602372921891
109613798995927883985
109617057049792510707
109622804516206668669
109653373371258853323
109657446672720899528
109677097892030259599
109686518658126578834
109690821739091787980
109699511937592189774
109703015700716329653
109721962524014389830
109733631700345516271
109749948588529456878
109751523941301060660
109768980342403717043
109771009038942946531
109782071703367126657
109783886514977530765
109794123696922513791
109796150171137708093
109798195077823599100
109812025641464423496
109820768271650551660
109841018158565860506
109841599421807268680
109841927259129773415
109848461658291721447
109852160290439922291
109867377289978332394
109873266130955052392
109876467727174291780
109878144113444125997
109883186361322976575
109883852322088735371
109891882809485642955
109896035848712507253
109896160570805434308
109905051786918804835
109965265073316308817
109994578807516084606
109998735120277190217
110014846285346108151
110020399915792369538
110055422743473500855
110058265133827464276
110066866765003364227
110079302233348087488
110080983515573215704
110086255873064433867
110096016961841480631
110098328042693292315
110102045715669858674
110108278127519462219
110108722720588163739
110114214667047913269
110116002615446443154
110116348371810264741
110117665661739275113
110135772332942603438
110149917397989041480
110150474460264180538
110157615594263569631
110169576815183865451
110187358518813187299
110203502548659528468
110220749159338004152
110225353836224504350
110262771748465783847
110263090722622714241
110298951155259309811
110327193200630856961
110351126148578351575
110354173964232883574
110358359214183596062
110359014984825004385
110361182243056363603
110386267452985425769
110391655785159354477
110397354120178750957
110402903904248721756
110418012117555373211
110429479339710167596
110447408248510055463
110450489268705904714
110451885016715190926
110473684893172448477
110476750050319239992
110481144255123633770
110486706981222159051
110497756357039764323
110508987056747977191
110524237135295410480
110537263098038220757
110544277164840928665
110546976855846863665
110579253040802331155
110592350180890652328
110605548152073942545
110606210489866673485
110606355200941650518
110618912894886899013
110632716521591652474
110637742879813574910
110645165581658537518
110649357213323839264
110657090896345948588
110670989282045057292
110679575439255592157
110680369068721348828
110694450299661318989
110699026737882375223
110711302415954144580
110721454650433148554
110727249496967897430
110732144216151003792
110735166174622592251
110745688764437317499
110746124112827812577
110749712654490003262
110765412653747575024
110777918042938310017
110788869599097905740
110793288583502693252
110794661129313667277
110802956681136751226
110804953626559077511
110809651744970615689
110818260360825063419
110822128012511341178
110836779196460110218
110866312307654732658
110890416108103119962
110893582794739802010
110895996118209269481
110903528618201981789
110906697571335916312
110907466039755789236
110917525343282422286
110926818078511785892
110942030204967562916
110944347132390610118
110954274896930994013
110955423556684768223
110956822431822104338
110960663346679603031
110964918579004751675
110966686448352829459
110980589502797190004
110983599912680259803
110984532213863935935
110997249141586009169
110997340662000354609
111020907170962185264
111043073395882965250
111058843129764709244
111059198660691903300
111096559668080980339
111110162716907627558
111116868185207974141
111118105251190622866
111126049094055875785
111133877315444139416
111143562481926918631
111146674588480967741
111148840542285221330
111173067741171596833
111183502376753657609
111189927641893938590
111192804633459428252
111198843295865552625
111207384293202212145
111212404442514289747
111221158407178047337
111226834234679488397
111239733414974100755
111256901576509733129
111270201936806789269
111278229075964499410
111282152045466534562
111283664865359983518
111311120156029873354
111318370678852884742
111342715309711798045
111354380756470574461
111360149493336978542
111377749338768487302
111378973487696837351
111381761773119685008
111386013569402882893
111394472671257405069
111410975444768423474
111418247383327604669
111422720516995445455
111438800431695282432
111446755550541825201
111447836883704044524
111448861608885239812
111463174796656479373
111465341632639655156
111470190170624230092
111472926103221560915
111473518186019366273
111488062820868689776
111491750870503431457
111503287194381882753
111519614230571367486
111520113155137944174
111524434017792139672
111524697405152720815
111537944745409498065
111548137920489485631
111549930705751367775
111555805337270344565
111561819415331880621
111566094300428597981
111570240057042609319
111572373098340274307
111588754935244257268
111594486018806060946
111596346437577212644
111602296324183117715
111607884073755723862
111608607570098689318
111611979958397097345
111641763880629569553
111645316744677736206
111648742799419266896
111660153597449121700
111666658281240616343
111666756378996126014
111682054413935830885
111688554509715854579
111693949829020507693
111699190808845646014
111701483727560854991
111706317156247668139
111717937259977827534
111720591150359019140
111734237778995429762
111736717816933612466
111737184747299629219
111744775012359002318
111756607933939087755
111756776005292555826
111758716351081545217
111765400614761487725
111781622641538662401
111787856255512323774
111788972348032903442
111799546077175035402
111800953434248707744
111819844682503085049
111829169728874090717
111835202803789924418
111836467881691715353
111845316327024288907
111849962852401288753
111851513173390877071
111852119488463725230
111859664686562826328
111864118502433545877
111865056324224536624
111877168730011968494
111887288961977904713
111913795449696900585
111914589061245507416
111933987042994738339
111936448885190276115
111940867296196867836
111950594039269281469
111953968378181258907
111972877361484095714
111972960045363308042
111990331270510312426
111998078266073613355
112004040201050454488
112004729720865413166
112016573893269448710
112030006951293007622
112069810307620022788
112071116539855921683
112079494582814698251
112085676531424895771
112086642143644320836
112088221264402710170
112093720514345640719
112093741773427266504
112095175277484084099
112096421902051724570
112097779247623041670
112100259367771783349
112104053388252534285
112138123334273263332
112147730460429468256
112169362917610601196
112191919609309819111
112196663810686320338
112204082341192426748
112225226210746915345
112229618410073820347
112231796851664504667
112265396588691792322
112267823522592275581
112272189537626538071
112275334296837341452
112283744553674854001
112299555759636299196
112302112468618066840
112304496531864617396
112306628323426208843
112306959828864306649
112328611474370781876
112328960805271018740
112331120004981971660
112340281394082173704
112341506265085071378
112351570557956029901
112360012040297022263
112363993210440221451
112386802859899404619
112391279660609112777
112398397477998790697
112398941205666372991
112403178616061604360
112404153424528088521
112411463544908896777
112414181650721421883
112417964145451368898
112437968066361461858
112458734118914918113
112466173058638288506
112473204543561159073
112480581021724935347
112486283438648678067
112488322676039251697
112493577070706674559
112496528519724417919
112499179487345387278
112510898956132957220
112522471813402153287
112532161939607772329
112551470455886311382
112552539957457905993
112575147230467295180
112589057354943846487
112606020129767000531
112612693130563870039
112627598614740795941
112633630172077002879
112642689974349145443
112644692719533519371
112647218605132634370
112654918584774350500
112658266002893467787
112663084843374999782
112678626879844437375
112683159561088542090
112695237870402375313
112704447232322124160
112730788960685951337
112738959996332145564
112761350794326482083
112767796892743478350
112780097469723888607
112789389377815230872
112809668936011498667
112812795562180597059
112819295791079940872
112823075257203128953
112831393941722606705
112831706597252110320
112832604016896619082
112833575687571440670
112836947320817079555
112837147142133520288
112855927326049677203
112875753049460534288
112880796239151759566
112882122577645219655
112882352193244693748
112897439323910782102
112906823999470905311
112923597784650398331
112924567360528583331
112924760531208198752
112925013749527973904
112926091022568231422
112938347870314345895
112939322539069381907
112949790404917685946
112983212425656612280
112983264924294694443
112995882672059385293
113004793167744333217
113010263478613895130
113012805374030586454
113017000711156521534
113019621937885375686
113020456268567114431
113023055973453480225
113040106274514369435
113040303166028202450
113042326016404055484
113047079592890776892
113049912614241142473
113050946017535949908
113051816661070871783
113059452183208965925
113070244086392420395
113075424082586372046
113075430201004534337
113076825379843117473
113085791514926162480
113092713153296830042
113097847802408959011
113102230942384817348
113108959091703190320
113110145123152515928
113124133491289089126
113132916901947393332
113147052774999807117
113163913063553400077
113166932092089503697
113171273310850455520
113175738592073128185
113182856431534057726
113182951422560146273
113188671089284499877
113190853188079796204
113217902293886819145
113220467598257859342
113222760262119054758
113222955353005831881
113234178634198648131
113239645361050261506
113249181435712502437
113252870868764723518
113255110061373265154
113256681311021703910
113269711513596951637
113271498740036767285
113278779258054200690
113288297519163665786
113288790980179920951
113303492165320338564
113309426558974943211
113310513430294203156
113310899346723809002
113321487375786847806
113326733162667447446
113327759453277679212
113331050483011435516
113336254123841410817
113337079420067946776
113337335163582195414
113356084436733197110
113357171682855562174
113362612059198997126
113367609333589754250
113376578727490215038
113400995605006688217
113402440857890954039
113404766553017685229
113409850140542388162
113416660832241923830
113419668028658899051
113422640713399522910
113432324717961623966
113438678256208052071
113442121505006617627
113457104247849861526
113458058571486558233
113473839532194232993
113477749835188119929
113503015429824543705
113504671924056436839
113505313071731367955
113508046214676719162
113512485209433380023
113527803425347791597
113530080119957788058
113538612249398098476
113545650736924490931
113551049479288319426
113562114651067200586
113565092082299479856
113569435290369852133
113574588007429905078
113598802546296909081
113617951290224248050
113643262700227853334
113649751137924752133
113658614211340928609
113659231974359559651
113676671914976509631
113685012026055500622
113685067028009959306
113688856127671922639
113701091656869858001
113707018053408960537
113709075608232005180
113710788263254659056
113714833371488564066
113725577152495074360
113734303250668652494
113744919472441271413
113748119036364141657
113759559402502844639
113763167140406107715
113763851485812688073
113768010864368029652
113769716230844186330
113777428131439183051
113784714993226155161
113790637098082698088
113794351355839638017
113794649719802731595
113796459461692303928
113797508378819391794
113808135638789925847
113808965633392932152
113816884428803126348
113829029246744451985
113837075630795923230
113837088030303653022
113838361937663156540
113838601398151265676
113841039383567286080
113841217525257750195
113842565552838231374
113850523599178937340
113863996652024875540
113864735207379293368
113865527017476906160
113867523391577908271
113872691457347093149
113880655623031093487
113883274535945670622
113903539510563133337
113926131018016654302
113931132880960918595
113950076102492740221
113952921922792372733
113957728694793328614
113962372475915989735
113962741071335730764
113965906044629074071
113975551319055395561
113981807990767631923
113982724755431627538
113985762427729506129
113987609121448598913
113988101855363143179
114024863372608516438
114025819350349660754
114052868601022948953
114055746815703044547
114056084994793924628
114067225590129147302
114078525176980131766
114083511278227439250
114085604516900272321
114089415830135389541
114090600867913506599
114100227392121997067
114100640015056437097
114121996586606896939
114123427472763194482
114125145728775379975
114133038551007150961
114143531463707503937
114187053208297466207
114192158819555389804
114209382436980624120
114219186889619004443
114225299178977929205
114229330590539697053
114230422317297262372
114233674199568482864
114254831185162158935
114257105905498035912
114260304686988234619
114262405333612850894
114278866519247653094
114284529957260896668
114298245783886099675
114306920747324659511
114308603191459624886
114315811577091303723
114321939593175481590
114327478702598842061
114335309179752556555
114342878216428268547
114343045474784811697
114345842118380702826
114348201936578711060
114349600608359822660
114358120988537140175
114362974314842765876
114370803472359725226
114371081506672866343
114391771823101057610
114396090672772207839
114400713324319805875
114427312545888897233
114431744569389387878
114436952317843441164
114447066974739807995
114453570286446437029
114457442188399514518
114460704588764618094
114482777081510357117
114484210199211014002
114497256145637199801
114503743266163992291
114503806689722509896
114511129193987685540
114512820746896306790
114522586372776367707
114543292133050958132
114546179941773355694
114557877665782867020
114568501762596796366
114585563477096383198
114603828478542653924
114604500083182965753
114630340010709943587
114645421149893729763
114647426451950711821
114661552600649947439
114665368792516887354
114671969118742967327
114676098520690714981
114681271681308815673
114685871814743902266
114700642586565745301
114705277726419559530
114714521560425483045
114715815433328568814
114730851548118024045
114737280863666845887
114740910160112686845
114748509463144611265
114750525072382842714
114756573202948746650
114759076890652308690
114776073873055906688
114786303092313788049
114792106932671868718
114800702956860089717
114808324731233563403
114822820519113329080
114839907022803210156
114840104406723931803
114840384292352971352
114849133761322570161
114851093389877363864
114865889844771812982
114876840537444060314
114895847006327835057
114899737482686284494
114900983989610998022
114905559312814186169
114907997419700961501
114913102020343639395
114929578787414227320
114931334815766462147
114941797484531162914
114948335662545781911
114971820945581781430
114976367224761680790
114984149422705941294
114988691021761391344
114996994159603448665
114997921176649747416
115011875433113378024
115018149444494300659
115027125002275756649
115036361003511123154
115038089672675672063
115043505594620816516
115049359456868262246
115061546130802682862
115063214898300933929
115073558164136008184
115076743145745040779
115077848227799625200
115079003085056748856
115083738617258706110
115084349630221230941
115084619024018020271
115086012057134354171
115090800439873714278
115091224082668507135
115094809284783483872
115101400298991830365
115105647022907007398
115107268420238332525
115110756802610737982
115118705964787959056
115120540123296013696
115133907195603628160
115147536259501601411
115148909209547054112
115156618566676431116
115174819574756959728
115176681139034256915
115190396161720950830
115190894492318328143
115196176694565705815
115209315312652820399
115209488640908180409
115212485632311745740
115214208644070310738
115234935608991455556
115239405668884271804
115242312368263587014
115244984083464708808
115248162658387833809
115248792623044781928
115270353704387428420
115279268566181707220
115280316618708564108
115286023234918505004
115298432094266470152
115299846751781019239
115301719142861977032
115305690474846852139
115313743344591369881
115317744109364151328
115325368672136662247
115331744289721170001
115336001659647459446
115348086382739894937
115370296146450062259
115374194701649019382
115376252310620712904
115377691493922406308
115379631842945781075
115380554759049858136
115382065018472167989
115392514242319220748
115394591075733105945
115396124449407057662
115397736022932442985
115401548148216947512
115404384046314496930
115417948329219757935
115425882545130513531
115433862242049760824
115439535745089271308
115442225558342720028
115460221876513813253
115460289851401854438
115466857290561994126
115491425547160772666
115491995600929147101
115497799199865948787
115500353123629267252
115508762054502274726
115516609661064546409
115517903761347297410
115521896543277067208
115528531300490898344
115533209185299746786
115555770858439445523
115600568634614458254
115602631810992590458
115610514266074572098
115612073305589229025
115616857462047251911
115619483666535684143
115620686684453821508
115625729464037701599
115630136369957655795
115634011151908554552
115636447983928519374
115637923038090543084
115639014580522406340
115646345486374759942
115649276137657632161
115649873223907043286
115678721373385361001
115686539488891223267
115690704193312436919
115699219734848972794
115702335903527865892
115704468378289442094
115714508260778412035
115716746077039156896
115719345118843665885
115725609958295524981
115730174450522584257
115730305973166452514
115732798551820104636
115744045209277113494
115760700213638634882
115762293134585278836
115766922929391431788
115775290912523746426
115775683565052389253
115779153897689064900
115787389616022667654
115818924005227106608
115829854934725647908
115832416514050114471
115836815112431744451
115845594217751924477
115858359599419643570
115859394115623652965
115860633741202321240
115862209074784154258
115874416542655746143
115879068751663855754
115885239747648700114
115906758956069022183
115912796911192003663
115929020155131741119
115930700101915219469
115931367664457596922
115953150990521467101
115957384274832902172
115958758967055745846
115961874442835504862
115969440798606724277
115974403313156016308
115977852897449949820
115988179164877692865
115993479282515518425
116016485750384300072
116039213228419422278
116040165875914447305
116043238500698019310
116056545799914588659
116061822775379023592
116064939511647464821
116075564405482837402
116077062084904209307
116091434817237483551
116125588995696551239
116128157787919188648
116131257870068211253
116133680110492548792
116138148272103856598
116154772670116304424
116157509220626699419
116159125475682675711
116169730011833934716
116179480078270164432
116180956543606691296
116183410089847956329
116190809867250216105
116195026651097379900
116196099058149243394
116225146630609220331
116236150995653247983
116243592678593630495
116288825487927565973
116293063525889794339
116298071338411667220
116308192299808113018
116309431275264857512
116317325265375036434
116321584419009700712
116326354488028959210
116334093721616623042
116338985122074429717
116365824651233965766
116373599868357010423
116374813480243268449
116394257019955484891
116407687217490391520
116415140936576641072
116416606702171665393
116424668261446226617
116429000029952066152
116450725421798647223
116453323632702567088
116462658227881761273
116472207062808060634
116474503216906734289
116475555269823866128
116477193307076723656
116480087404155129966
116486529912474385255
116487297804043489540
116493542404617182877
116505017866140131536
116533817613822716620
116564778208880824332
116570538814073281892
116590835331997902884
116592221153255262821
116596728959216418796
116630451095087402604
116631355628648043184
116639724370244144556
116640923223897011110
116647658341754375766
116649263700277187377
116652568356852848177
116656514553074141551
116664630616285936526
116672229067954215093
116673938126812294472
116674493483634194038
116676833536098340755
116690460364774760229
116713604693618777974
116723063774624150348
116726325327075260175
116733287626765006575
116742300845245023434
116747292129029460979
116755283735938726578
116756403218044807659
116758927880647739489
116771718440705734268
116776987175391046807
116777795853054130335
116781761125407060946
116795745265340819511
116800786594149454703
116815829723694461871
116821826966545384368
116825083494890429556
116826078642486286327
116833418743280423588
116834280521641572505
116835738552812285915
116854972102822141733
116862527099716079184
116879932949283347391
116886292146671225811
116887408106091308635
116894269113304303031
116913877697726647951
116915092672288044306
116918768640203073166
116925588527925026174
116931645350873690689
116941453585622711328
116946064710308704218
116950496481439926339
116965934870957703551
116992953847984037990
117002106874419262782
117008635569076041399
117009686827235872073
117014007536732559206
117021303242895864168
117022579385639405262
117033669054842868510
117036693528125723667
117044881753023568512
117051488906090527812
117052269918795964029
117070101652891734938
117077450628032233660
117077928799179759329
117078051847517132954
117089480611804634888
117089498374998250294
117116799111531746593
117117141812860974450
117122132444691239684
117123073731199336700
117131216363099037231
117138097736985080484
117138266098562715989
117146302888258067959
117149101099765677901
117160265220041111038
117167305186723867672
117178756085316746449
117183691529695894132
117196812583146632258
117198533056516708848
117206652371326702902
117215921510165738445
117239923734087764051
117253464282045566800
117256949019471314098
117269000530034186939
117278854765007666684
117279477554397890113
117284191890100612754
117290917253287854122
117293592853484027083
117293641603257700148
117312077775626892715
117328661544589354184
117337518622081895837
117339510677154757669
117340048937791820039
117364796006765875415
117367908519827801013
117394153680411686564
117401633995087065827
117406966180400041615
117408236597902961262
117417905687683463241
117418187156815058510
117438703134791856063
117444211068108884134
117447425251950769340
117459722825337484303
117480558721670559219
117482624925232529093
117489371829741156604
117499461497630438884
117506619453290521614
117515305211692951934
117516204301994544174
117517344131769455279
117524952952574010675
117554174791849494885
117576095829511957356
117579485422306406871
117596712775912423303
117596773331301257098
117602913844002328688
117615151055888455636
117633453804569790816
117650704708462459647
117652255949698076398
117653305905026559846
117661697125481431222
117663113478384241094
117674569581838492045
117684721141625025272
117688996160339146128
117689322901792789201
117700020727735644148
117703137156186390347
117708406944873385626
117717110776747201046
117745759196918385860
117751287310134234595
117760884413450601175
117760920496151475359
117763846977331536139
117767676155029790865
117782892914098174058
117785155804343663289
117798229288133330131
117800192259821641845
117802427907521417100
117819517236813594968
117847950983116814981
117851794410359892663
117857876649231818427
117865623828224430110
117875425690556491877
117891609981023522085
117906733137943799769
117929452472299118508
117935245758996448899
117949680747777267074
117953723491553799273
117953934528471271085
117972611265094055341
117983099443951568147
118026456082783013672
118026766341482283434
118064146073901734481
118104417904465495150
118107554525425766644
118111177459260437400
118120364585932387777
118121948255990802474
118122363708479357986
118123403898206414521
118137975786564865360
118137986117666538694
118159877394137377115
118160255896960807612
118170816505325499938
118174133559677981842
118179426796691487304
118184588631110797768
118184857161290178052
118202436461927714605
118204226730390059455
118227993456478647836
118235216541533378309
118237933687717957604
118246803176397291473
118264485908691472383
118269443442792919552
118276028387373012958
118279954506850854902
118282268383780180223
118282354222748692030
118300408085461087758
118302931603191100152
118310055847394269167
118312444029366627799
118315522287844817449
118334822029691997783
118372760574595452707
118377795593731066917
118378031955167872122
118403543845340856591
118443548623605198032
118444166901173977760
